78884
73713
7026
95775
31273
8116
78720
4709
19979
4094
29118
83363
34384
96220
27572
28706
30614
21023
98743
89350
3707
26196
6079
54532
97049
66949
18783
97608
22007
19080
93056
65541
33709
75320
89827
27973
59018
50659
78259
35342
11831
98919
32100
50581
5868
95164
24533
73496
68586
80560
48146
79175
14841
64055
13890
4480
71750
32454
50482
68284
1154
65470
29138
90011
78173
29386
20998
43930
47149
77600
41441
18584
41392
27513
18894
82993
97565
68009
13960
17225
4175
94984
69505
20412
6121
99415
91761
3040
8880
71960
63955
23214
17977
9901
96196
23754
30615
92771
80199
46511
37358
620
12916
95283
41813
5482
65767
61015
45893
3451
5967
66139
76908
15235
43615
37591
97541
64114
36497
57472
10821
16132
53022
29479
18906
28171
15940
45332
7942
53338
87788
49015
60018
70986
64929
5959
77640
4847
727
22096
21468
39496
30627
58044
64170
42237
68913
26106
38233
32705
84767
42436
36253
33702
93073
17021
6123
43612
4091
16672
50024
26957
10787
66219
19986
62803
28835
13899
70950
37071
89552
25207
77599
68511
50785
9582
92473
31784
79035
51171
1661
71337
36833
16856
90547
11704
73349
12798
404
26774
50355
78401
81828
9248
27192
60101
61783
42359
27450
82327
7391
39960
50356
99602
80684
59947
41067
22311
67063
17167
5094
51354
16148
90560
43902
34076
20978
33436
59393
38928
11668
51007
581
19936
35584
14616
88171
73806
28770
41643
50619
42982
2831
96879
55943
47776
57568
83485
21004
78653
52926
2240
57332
72493
97020
47868
10825
40478
1557
71171
79266
52535
66419
80219
87539
50548
2069
57707
7298
16168
47339
36557
40243
57256
59366
66679
68194
13555
72565
23108
65450
92446
97240
73216
59171
48315
68095
58781
88889
30564
78534
63715
62134
38860
69321
82526
77440
428
55650
29717
36356
6280
27204
14330
72924
91915
74944
9361
97227
83109
73848
93964
44138
88506
97186
82741
78386
39541
55164
54915
936
52339
12180
73293
62281
13483
17593
88023
84495
155
17995
48255
73291
9709
94897
99823
76581
54185
29071
95156
18085
17091
95523
80393
85630
12509
832
67495
74234
3796
57465
78376
92358
34501
14834
42363
67157
48398
10584
84874
79712
73547
73525
97552
26349
98270
16809
108
6787
84422
62467
38811
63830
37763
41720
87052
14615
9290
22458
22473
27211
45094
45935
75980
77092
35245
46818
11159
78126
92023
47120
46477
95744
29408
12726
92496
99824
93060
98627
92276
22556
40896
2025
8099
64142
93888
55963
68084
97875
61875
81546
88411
15896
94432
30878
53070
89377
44552
40011
70025
28273
43545
75292
88915
4690
52589
55454
52598
40462
78424
48459
18957
39675
76729
76359
49676
36250
14435
63476
90453
73199
86829
36359
37134
92055
2615
83971
32983
7069
58596
43516
84008
14935
91805
26055
66738
50526
42809
47781
85444
81224
76379
11973
1810
25320
76737
95506
61976
45267
17482
24220
78959
62776
50749
2560
19170
34880
68087
92385
81097
30083
18974
45722
94380
34841
23207
14787
49421
26433
1860
65858
20814
93396
99526
47935
54363
29751
651
1906
40148
46874
93769
5261
85119
13285
94350
65081
58994
77846
63334
17953
84980
1983
78920
70447
40102
64537
64156
46045
73618
31363
74434
32436
20345
2580
73646
24857
66176
35972
76744
58722
26365
24312
14088
74303
41425
61311
95091
32374
91326
71217
99284
49138
73853
26175
46604
73248
53506
84041
45605
83819
34954
67797
49941
98901
46454
89173
18186
73706
53012
3417
20777
76398
28656
20846
90054
18469
66110
27390
57225
68309
98511
58879
42574
78953
44948
86071
57066
56043
21194
6239
97096
98702
33969
34758
91805
8709
42335
91079
98060
52292
87256
46073
24008
93478
80236
54268
19732
2612
26541
57691
92557
63960
89341
56511
85615
93857
91833
74349
47229
95309
1849
91560
98981
4650
64986
66023
82905
21959
69872
45684
16251
18537
20971
3151
15823
20759
34209
96589
63533
65086
33350
12691
26052
91532
38224
62435
39473
89304
27157
32000
80682
61119
4204
59620
12400
79507
5424
8073
95693
52591
35959
60741
7094
98614
11067
92793
72666
93205
34902
1552
6878
48436
86630
55706
57361
405
9237
10505
33380
6750
12485
95258
39708
5655
97266
88621
33761
9425
28881
76587
47765
79557
88337
88971
31038
66909
81847
69872
11432
90264
72059
72774
33090
91156
23732
42610
95139
56601
48331
68534
48758
44688
77564
31738
14540
50405
64200
59011
86715
17505
21335
32164
61766
71157
69751
36994
83503
22548
94392
84856
83341
24049
18043
8014
80872
9446
99857
81889
1675
98136
74182
5754
23663
75891
75715
93153
17229
99260
23997
77204
49709
32077
98369
81812
30596
16002
62794
93810
52578
28011
11431
52767
8646
85044
5405
3700
57052
13938
22795
58323
50332
37090
82260
62202
62534
89915
15136
57732
99508
76349
27780
30036
6149
96763
67977
18551
8019
51445
30136
59695
95810
99816
5406
32984
21064
4033
88482
26073
20591
14511
51419
43509
21648
88951
38857
774
99811
2526
35641
26185
59271
8094
63843
61229
85839
93343
6700
67955
57613
70338
67828
48084
79919
2124
84609
29255
52385
9417
27672
3376
31354
6530
13369
89951
46334
44005
33258
96863
53996
48244
85640
31308
39402
61771
91134
29838
55832
10364
37280
29996
84296
24373
61980
92421
75920
9446
98772
71878
85024
89190
13112
3136
39676
19145
69977
55925
41056
93872
10752
2293
93753
82890
96748
41327
77761
97192
40646
29486
30186
68517
68301
92413
55675
71854
82100
41654
7206
79455
1478
31898
71746
98367
44419
18872
31250
29173
79076
31779
23158
82575
11656
99371
65590
63882
11386
29262
32710
532
66394
5176
58474
54851
43546
90694
25149
62023
62067
90851
22360
53030
77617
61750
98841
93167
57464
33585
32232
48645
45474
26215
6323
90309
28284
10662
62767
69426
83595
31920
34568
7994
65953
48801
46070
37490
96777
87785
37657
4735
84341
70980
78807
17105
13194
26295
22336
60435
11641
38554
68619
16330
7393
38564
70853
73041
84521
83571
82108
78667
99402
44273
29215
17233
22193
95922
88163
3516
19851
66456
78189
64323
72363
9051
85082
61499
9941
51596
24929
34150
76084
99411
98110
81766
41708
2209
58276
24590
46038
17569
77575
16511
71127
76102
20855
11312
50129
45450
58187
5044
80432
64502
64477
77843
94169
55553
4569
13781
41013
74408
7937
11450
37727
82154
27839
63226
19025
58519
78915
44417
82992
14017
7939
48855
31168
55364
35343
52100
85956
22208
39321
70752
26499
90515
68108
51950
83239
75971
40680
83808
11199
75162
19563
20423
69704
95863
45203
72646
34511
54382
86727
98345
49337
21968
38826
16201
18832
95057
6041
10284
52651
42816
1860
64181
7999
7442
64779
34149
81816
24173
59886
76412
56742
28452
69885
78713
97879
15862
3868
77577
27399
70264
70519
61824
1296
43177
52231
22295
40594
99668
3075
13935
10546
53792
54505
98446
72
45006
61874
82411
26914
53017
4881
4680
971
61714
17702
98698
74738
47940
34822
40904
73042
39656
22162
9677
99934
72436
708
64529
71110
69176
6610
30969
5361
86938
61646
56793
57371
40931
580
22743
91467
10584
7826
40551
33104
84159
92408
80277
22290
268
93701
60813
78866
79637
11672
99965
55190
76576
8029
73397
6181
61287
72602
12300
83982
75589
70645
7874
64152
87306
72298
82015
7665
20235
4339
30406
76834
30699
49102
51807
63331
17023
15147
11247
99042
81932
42973
60189
14555
5600
84407
76921
17574
92520
19766
20162
79396
32686
77916
42797
38725
59009
36221
39102
90984
72583
77465
58814
46674
74340
79069
5969
10096
64284
4998
16332
12835
41056
11416
30117
33815
21065
43689
69298
34828
35046
16556
84661
2568
46450
91450
54717
40664
38163
84720
50570
56709
96442
56026
86179
53767
41568
90932
87642
87960
20737
92189
41238
12610
95636
25130
34682
92938
85773
36277
55589
52971
11673
19396
85503
88863
17178
40441
23535
56701
69391
32496
4292
57236
49141
33950
51728
91944
35307
35740
52248
27751
21385
72516
27781
81023
40942
37289
83775
30392
32434
28027
22197
88005
51038
82982
12107
13469
27843
48823
69513
68601
32140
63270
60915
18624
64887
54819
61939
54036
33723
42401
74914
70105
29968
96709
89172
91935
30096
7830
15004
67719
37890
84008
51748
23
63495
68130
62649
18663
79671
43368
89210
8555
47469
20409
80968
27567
80378
81080
91614
80022
1891
40559
11394
80503
77549
64505
35154
44657
16750
72745
29947
68761
86679
47325
49426
86999
21927
5051
50362
35001
88385
45015
23721
32083
29735
6580
9327
96116
58759
98122
91127
45870
65987
78686
19661
14948
28116
94732
40725
68589
88866
21678
95791
86609
80891
33
58301
15654
61881
63541
93685
3245
13933
65135
98983
50760
132
27017
49011
9535
20727
84499
61892
90749
70657
92916
54320
51341
83515
1284
56507
22515
6114
98628
30003
8416
33006
66623
55591
65535
94751
19477
86563
15949
34811
36654
61288
41499
17145
9463
23747
71834
91498
527
13243
45710
76193
24762
51305
13769
758
81050
22681
77369
15700
34025
77565
46971
2936
93935
77712
96105
27454
99479
86358
10114
57504
3799
81123
92864
44958
19612
52091
63946
2797
29815
71287
81482
31682
87292
45252
69520
86972
35172
31295
68891
85515
11202
32452
35228
30054
71488
21656
35610
74080
76378
81479
20956
43203
14249
39553
76818
35803
5916
9869
31665
87796
91453
20793
67517
13940
73241
63425
91101
67167
9656
41865
88690
88587
41388
91656
78766
60605
41632
67847
65006
6776
19604
27269
18932
39097
12725
10055
42950
19159
32397
72653
70140
4629
93666
13789
18739
14815
71868
6264
51243
45032
16458
65400
66539
17048
75181
67380
68525
72820
31186
20493
42836
78977
10627
6240
42461
38077
26403
32595
33044
83960
52629
76522
44038
5571
78845
57313
89340
6472
22306
81872
62697
70352
29505
11836
41445
16626
94953
98789
36033
72848
48279
140
37427
17181
8164
63491
60740
95486
85414
51245
4503
83954
25235
36135
82865
92860
78456
56717
32147
24070
83397
45037
12419
41909
33924
46506
13890
69511
22754
787
45574
19751
95649
48457
20624
16263
13856
42863
84722
41307
76592
93544
65620
66952
17340
65511
20636
57345
59112
10315
18798
7894
88260
22098
89173
93801
53616
27664
94960
17510
59815
12009
32219
41038
13034
89503
1055
29212
45272
6940
62414
9512
21150
23826
77789
20114
2360
95676
54290
26639
58107
95323
67722
75859
7968
43598
10556
61557
91392
82797
67436
48355
47894
18735
1521
68753
4081
89407
92805
75693
62869
68221
17704
51505
6928
89158
6115
8490
65167
81197
62688
93175
91120
77585
36893
59770
421
11943
12648
19900
81583
12720
49804
15152
68440
46859
8548
47059
83062
42242
51902
26505
43003
36709
54018
72349
36677
18745
21941
35903
50598
24303
59920
56313
17373
96833
65933
73039
91993
80733
4974
30875
649
60619
88011
9643
40672
1089
53915
79731
49323
14542
33873
997
91394
1270
53803
79575
91948
10794
23637
96247
48824
51351
61590
12354
33312
78174
22472
17585
1618
74110
80483
61738
53946
57067
15545
91432
26497
76510
40498
78366
35521
70877
57772
30066
23598
43969
84251
10626
1684
61901
5265
7477
7005
22666
89567
23311
2907
73346
26180
27106
87389
23419
33073
16731
53412
18308
15684
72410
71896
64682
86386
21878
25250
35563
16118
45240
40635
86218
37755
96429
84773
22896
7915
38741
60954
39363
77413
7515
91048
93282
69298
5532
45079
53849
45466
7570
39709
72993
83529
21015
74494
76014
37322
57241
38173
48288
16898
2620
9924
82392
75546
62930
46868
52674
76548
57711
71583
72192
63692
61103
74977
55390
40400
90169
20569
80635
96192
60570
65726
61685
5867
75186
12290
97461
82550
94904
43155
50337
58332
84039
52662
92479
92262
5520
6034
3183
57353
72777
83551
12977
17418
95602
85959
98246
80683
37001
24013
23559
7240
94195
78404
24815
43640
79826
43740
43910
94912
43801
55590
29386
98223
50146
72789
92950
34555
77397
16504
10056
51553
42441
30080
74184
59351
71293
57358
87483
21038
27797
99568
91039
93624
37931
81380
78974
14548
96010
53013
28331
79979
69288
60751
58526
18885
48882
21538
73690
45065
69402
62342
35745
74318
23046
25979
67767
36308
33001
14415
19535
98667
95366
88895
99825
36694
18010
2026
43943
27580
7995
78980
61911
56541
12564
34732
22789
17723
54969
78539
4445
9620
37812
49653
62897
16150
55266
24043
26147
4346
53499
52179
30096
44286
63868
59554
97135
30700
76169
37715
13097
46448
90355
37467
95165
65718
57027
86346
22491
94996
10697
80447
70971
75344
40906
47723
30331
85396
79911
19173
90505
33802
61800
35655
52629
3960
48628
79645
65834
1961
68798
96811
16884
53911
22772
68800
36107
11606
31522
75024
86672
41006
33593
36029
12599
93269
60231
55737
42615
70455
8497
17091
3807
34593
73238
58087
35324
66072
52359
62170
99845
11976
41460
60524
56683
90973
77151
23494
41992
42248
12875
70120
93032
20255
86155
17041
84351
4752
56003
70133
20088
99897
54131
66751
46124
90502
90662
40897
69738
37384
33849
49992
96126
42419
25814
85968
96330
98706
25502
5604
25427
27872
93462
40317
88127
95358
6167
13770
96212
49769
25711
60196
71575
36037
48941
95189
60307
3409
44977
34208
88885
17145
52095
70461
89549
61162
77709
63826
54278
14730
47912
17024
55254
39591
67791
16296
72535
8208
84690
72299
16637
33626
97406
54129
62189
97269
63872
73291
12533
63858
43106
99243
581
62316
96625
16366
26905
86849
81903
35562
85713
15073
52787
16751
93330
78125
45118
16018
29097
27599
31159
68618
81623
59723
94659
88194
60049
16072
52875
93814
1098
27939
37473
59035
9137
52118
63176
81024
50566
15702
96564
62041
83771
19644
31099
93501
22776
86178
38637
23353
72097
48979
14382
62406
85038
21680
84965
80185
50439
42948
45618
52814
23236
23404
36408
87736
50922
4284
97371
29264
34878
60904
69522
72878
24102
2505
1146
48673
65848
33370
99633
53368
5440
89270
92902
39286
50910
29514
4686
86619
1377
87704
71147
32591
94488
64905
66925
77685
79696
51263
58810
73866
87267
39776
19963
46304
26786
68413
55705
80961
97241
65432
47243
55039
66633
4662
99338
9553
90235
39098
68488
93518
91644
51635
50255
47025
73214
37432
72823
17311
1616
85458
99732
12323
72916
73513
57754
59887
30109
96602
77729
22974
27015
55347
5992
44865
39468
49668
194
54300
90755
59292
139
13337
67234
3187
90420
69716
47399
72143
26524
49666
696
12542
60739
68399
51631
60584
43315
7599
8599
54272
36769
99520
52194
27799
88067
99719
71002
84506
92562
33018
79390
59298
306
59739
38420
94941
34279
96660
78131
79982
5180
86075
37546
54891
93872
89912
55244
69888
77149
73598
41757
76224
92907
63430
55644
74039
77958
39829
91618
18102
30630
6259
3313
14135
73940
25473
28690
88656
84116
4036
12015
46719
64363
38827
46114
89028
52491
84645
4536
4582
19795
74697
50724
43338
18238
11998
11339
69035
74348
6086
87690
5193
59710
52131
7577
18963
8472
50875
77609
78361
43206
90906
92555
59342
20370
12668
12576
96720
76652
6277
83366
50038
47211
60326
8924
75900
23924
78162
53074
63374
72976
79916
11597
41540
26658
85052
81574
27770
94883
72880
61847
50891
73902
42410
61539
9509
23039
95570
19892
92643
93083
81847
54595
18258
77664
19481
27994
99433
62328
38310
82375
6230
52937
64212
79003
24147
48339
49230
9135
50308
24143
69642
23930
52574
6623
33158
56610
66516
87275
3564
37792
53676
88939
20501
18437
89999
67529
2254
75652
75141
85903
44088
72965
27812
96527
254
11298
87741
72226
24813
56547
56335
32434
92916
42976
53285
16393
16099
52141
59909
84927
82322
89997
66645
42174
18860
13360
64249
55252
65018
23303
64791
85649
78588
47197
94716
91010
98828
32410
63445
59999
93302
56935
68782
91699
42747
67749
12295
74977
99343
38039
49983
42293
42484
4125
11174
67771
15828
12495
27288
47584
26020
73973
76694
58784
63944
78905
67402
10179
40409
47817
61577
20919
32682
52685
64607
80174
39887
75814
34101
14396
86647
21410
48234
99798
7910
93422
6511
88283
84258
40766
64506
76760
63734
95615
95854
62958
69381
92056
85152
50802
48827
85330
67792
75506
62960
68822
70334
99921
49824
49491
35760
46509
6031
16187
29420
41315
82468
86521
14982
68944
4512
21673
29057
25790
73496
23307
59150
50804
81707
6301
62147
83745
70039
86923
4964
52683
24771
82676
24501
28269
23118
34910
99089
9994
28396
43652
63287
19813
73030
11210
61665
40766
40652
33358
31599
13605
8624
65762
90544
45242
86340
64781
17965
80293
34146
65204
24676
71831
90976
54704
56439
81802
70360
29539
71510
26845
88136
79224
34438
86524
45654
11624
22733
18902
40802
37664
69119
44089
23013
54674
74476
77200
38993
20502
85716
90302
17585
15237
41268
49694
29732
91674
77942
88042
60264
53840
11026
27177
42489
74188
49585
83242
43382
1569
76714
71474
22573
94929
9984
38787
78524
16126
62416
90554
17667
1203
18787
78864
35250
76744
78957
36746
82331
96740
44072
96904
55810
48511
94429
89390
43635
36481
8055
15971
61605
92462
22944
96547
22196
26431
48409
62268
69199
35213
48441
90075
37918
71889
55578
19907
76667
24009
16887
13315
75785
35069
31582
70161
44182
20231
43209
90125
25335
72911
5228
75220
70651
91397
70633
39812
32905
33510
85765
55461
48427
71183
29106
98670
8767
7591
30707
51509
61034
831
3226
5224
64951
44721
2836
53884
99212
86906
7727
95338
38966
57538
76471
50424
99469
28637
95231
32888
13560
3189
27519
75701
36751
55076
61395
28679
40409
40970
70907
44521
5997
42488
26027
14220
97379
34939
4655
47408
65650
68057
79355
56220
182
54865
86139
2771
70195
20466
92485
76841
79339
39329
95598
95051
67227
66308
33093
42819
17399
77412
14337
97112
54308
93608
46428
92076
11419
58976
45606
11172
57072
93555
54557
51323
56597
52316
34231
60556
69598
11873
55033
43437
81951
95657
45383
23924
9658
97846
33088
79187
67987
88571
28225
16133
29327
98688
63636
88359
8765
57146
76037
2586
69906
11687
40708
60925
29621
66491
78119
54703
68299
71978
52831
97483
99538
67649
71617
1344
99112
87571
35970
11377
61440
20377
71101
47848
49229
13868
65082
91537
90463
78654
28461
66293
86468
68913
94457
55000
33159
68281
78003
4206
26660
81330
95080
65747
17532
32946
51434
45648
62311
35998
44250
84411
29574
10636
80231
5300
77516
76213
4805
21507
25707
23590
82304
96487
33647
53216
73252
47458
41876
57337
90371
74646
26641
62575
14926
55941
40768
32368
62521
53800
66197
48416
7492
92778
66246
63360
85609
37372
70321
35729
50609
15693
21427
20670
24534
16166
83701
33702
64417
35101
68548
14833
16211
41127
75476
79107
77155
60549
78605
34684
53669
74796
5344
742
82159
51208
64243
28915
9886
25436
84285
31315
6796
27527
80121
45654
18213
13507
42853
7197
81635
58700
38695
90062
36342
36374
6992
70508
87897
77590
15922
66873
48384
41747
84681
77243
34927
85538
20620
76938
8511
40260
25901
6307
87217
77405
91355
96484
94283
84975
50894
5946
91905
58184
41354
71017
90537
42178
92390
95868
43844
97889
83663
29385
74804
5565
94360
96207
51247
72834
3901
22500
83695
69087
84039
36224
24450
68642
49540
74100
18258
51913
13994
77897
30226
48753
89290
17408
14324
86133
44410
12866
76886
15081
61682
4007
81451
57333
98553
62438
62986
32877
95106
92801
52693
47929
31807
58314
61806
58274
21584
23822
84273
70947
80502
94753
74821
27586
73774
92370
44373
57243
98702
40138
15935
42800
92444
18310
68861
54621
53996
81644
39349
11433
55590
12338
2743
57015
17433
47176
77798
91754
4984
31284
69879
31098
81648
55509
64480
95438
95637
39654
96277
54168
94155
73146
92972
19674
50805
30792
41645
76139
91034
46781
43057
63637
65941
9073
65962
52727
12196
49899
59754
27469
88280
14005
71697
19402
40806
99721
16738
83916
22501
37821
23788
89817
99940
98502
31194
96107
62628
24830
56534
68475
81127
57080
9240
11905
61911
23160
23367
48427
79910
22591
72208
38906
82610
89189
64485
21315
34019
19623
10307
84344
54472
94317
47065
8395
50794
58458
28418
67391
75332
48811
17314
51903
44653
90951
85811
82204
40162
87911
53443
55508
13398
37089
5217
44849
15582
72861
63335
91131
84553
90276
27514
39233
79938
73137
66664
2399
76581
53999
90444
20842
98132
54789
80609
54911
77481
23962
42844
44467
62688
47255
7537
4712
40913
43821
22650
91447
92433
37306
57373
43870
62956
7492
35700
14171
99244
50153
53655
36682
68309
68323
12235
39032
66197
5136
30378
27226
95865
93145
84401
21505
67563
12638
71126
23381
26234
70967
63036
10497
34347
9628
45054
65088
23624
87333
15244
73904
88798
29916
43857
60011
97392
52510
20719
88180
76824
93413
59071
99684
30045
87158
59864
91681
25573
59988
31837
40474
67805
77457
53610
13030
24689
71355
17119
8577
7347
32660
28708
78836
83606
25294
40773
75528
41394
35267
52941
56118
22416
38714
3140
23621
30940
46511
95764
13336
90871
34440
13427
8607
82468
56484
13468
438
48643
77443
31235
30315
44173
41796
60994
98721
2433
91630
78520
94494
46414
86764
86738
63303
57900
17795
83573
22027
31621
32937
44595
51535
58646
37756
32166
88096
5079
21467
9546
34329
89100
88148
21726
85132
40226
88407
6750
93487
62096
8506
53394
77867
1444
55129
71598
70466
21223
32266
85025
70677
82214
73490
59474
60968
23504
51485
1551
87396
43548
86575
95268
11823
97939
39356
7900
95786
90367
92718
60039
28636
69430
83065
59331
58786
70164
50045
73356
70911
32961
38665
68061
47211
97783
87206
86893
42673
42379
64464
37886
97361
72554
86784
41381
60456
17940
73579
4915
58187
97461
59227
92202
69863
85856
83479
86358
96254
56213
17241
77917
81438
10514
92907
41909
74626
40290
26498
16875
11251
18401
20253
39775
34895
93661
56295
6143
46401
86526
33976
93803
5459
65102
13020
83788
7973
5430
31499
50923
57483
50326
95959
39359
7686
65327
67029
29760
34798
59977
52396
77787
37310
12045
2435
38514
91414
14663
68672
86474
69786
71293
15041
21863
17783
52982
66003
48918
90010
41501
32469
55215
89547
39358
4697
59380
33816
3027
60556
98695
23173
18140
1266
90255
57253
4553
60708
42960
94568
37201
53539
52190
420
77604
30214
60989
11265
36156
19280
37524
16917
95054
93459
73026
81900
35350
17958
13085
3341
63650
2716
45228
96654
33125
84308
95647
98658
17369
46091
5855
77852
43801
6364
69695
16421
71
45962
87030
56593
1417
13329
2211
10809
11421
24543
23145
90305
219
51634
33472
51367
79214
97282
46511
32629
25350
67022
28034
12245
10179
66056
30979
10350
18582
14952
32695
51613
852
95512
68441
59760
9358
42812
40279
56970
97795
17775
90495
21158
66422
96576
7346
91329
1938
31064
13802
97609
23162
2267
85609
77732
77372
96194
2223
86160
73524
46367
54760
88627
31390
84132
87038
66917
59431
74635
62015
34482
35783
6039
7688
62716
84498
74666
56747
60129
26755
28190
58031
59779
98541
62218
38351
61429
25801
408
3551
40561
73812
71701
59313
3299
21356
95016
9214
18366
72727
76741
67670
28035
42119
31515
44256
52026
33694
99383
63535
40431
39765
10903
27584
92157
62142
21043
20793
69511
22944
94605
82925
6284
95203
81861
30594
41572
45265
20251
61784
826
68397
25138
74189
92092
78090
49343
16700
40509
72509
27780
82279
23333
86351
76006
38353
66634
24919
29861
43159
28569
25515
94265
85316
90932
12111
42569
24424
42233
679
83980
16336
74066
79303
33578
34587
1959
8275
61452
69140
66299
34436
66818
55151
21646
73320
31793
88462
86818
18647
26464
43214
10877
59202
69088
15318
61122
95125
79530
40496
70290
11364
18554
38577
69329
57607
1716
46890
39051
59658
45893
13427
69423
27668
91833
16828
56853
7481
3129
48641
59015
93832
29961
95632
71641
3895
71354
49285
64375
53984
86868
83659
37690
66267
35664
41962
84623
32864
65799
26600
52024
94446
39698
60009
71222
52837
24856
60972
86241
26751
39207
81033
68877
90105
32681
10276
98931
13190
41870
44377
82347
49464
95828
86033
58497
12063
37323
68568
91580
97441
32166
95845
99648
85511
58653
17757
25374
98245
9435
64766
22503
45533
14187
95762
34165
10162
53662
79264
69981
5779
73949
24852
95246
55343
32449
39205
33129
89365
74662
6480
17906
99295
30129
28836
31524
16662
47790
15585
75777
56435
41736
74686
54133
83294
87441
77071
41289
97612
93586
50927
14637
72807
89083
20871
28500
16064
41270
41729
40423
25744
96497
91887
752
29277
33049
54456
67590
88254
3402
68591
31972
33562
15988
37463
17627
96210
49983
70831
29918
23589
46469
15571
6874
59044
26610
83879
30090
67885
53399
58130
20056
1936
81163
53850
34908
88982
12411
41171
3900
26235
70149
82639
19433
4126
25259
83305
1585
7549
39103
56351
36696
50284
32225
1515
71226
26407
71700
5829
38717
23565
74249
16650
34922
74081
21050
27177
59807
35867
42738
38772
23583
52849
61533
17394
31038
27460
7784
15186
32078
12960
70467
33291
60456
76986
23282
66548
39516
88950
3320
31421
59741
94172
52084
76045
48542
61794
51500
28515
70765
9401
46924
91797
18714
38808
67518
64953
53263
49778
62409
16063
61540
80382
71486
88448
7474
8671
49483
13625
91345
83085
63795
19559
25838
18360
34060
66687
49316
62283
95934
91742
55837
43253
36409
25751
90294
65737
4423
236
94093
21105
16466
62943
16029
70616
56226
18871
43204
70274
58711
71247
47258
57707
92357
50304
49978
96729
16165
85892
84591
39624
82287
10026
61931
21542
582
35510
42861
39998
46059
2033
80662
44503
12551
98776
76593
98091
89513
18007
74586
92752
65102
2907
83414
60095
18846
51265
19650
73797
32350
56481
81929
4281
71195
75223
71886
17206
2774
20699
13488
75712
24739
77756
96622
3971
81460
38098
22272
98143
58680
73333
78561
84023
95303
55507
97979
84937
62865
77031
85638
98494
17181
56863
67199
69426
89449
93118
54585
77724
61086
21579
19355
9301
38816
95986
13919
570
9925
94141
5414
74438
82158
60759
68830
19827
81848
35206
65628
19309
26428
32639
3189
97424
87357
32780
85183
97922
38680
17769
75434
14796
83768
69016
8371
85057
84375
66361
29684
44137
85057
40434
13362
6613
36000
26190
67813
12692
40575
99119
14365
89481
93432
98052
11933
84286
57541
66213
22117
75987
82969
80484
48896
58491
2794
49108
47055
9334
90191
85975
12432
20093
75487
40693
32109
30692
88552
39669
31195
88969
18861
93265
61833
94579
90026
83810
64862
44286
765
49094
37900
69401
76744
55738
587
3160
47136
94271
61249
72749
70774
96646
80472
95506
12043
99396
91732
25413
62393
48211
32359
39965
2057
83007
42412
52509
80062
96319
38665
32677
86020
45966
36988
16763
67572
57667
96985
8162
94532
9072
67373
95285
32828
22682
11968
51023
17189
59106
27679
78815
88649
86028
75997
19125
17367
64146
65257
65410
33929
53747
61861
73529
72963
93430
72699
25035
1747
37329
52181
47076
31357
36570
21
70780
18343
95627
79587
8988
43963
78866
8694
44327
62752
49457
31027
36594
76877
56067
27119
48677
38383
8821
87002
69610
34389
47987
66620
86391
95084
69966
55861
15556
81878
33935
50736
24891
6965
89560
42143
70662
86648
56717
68012
62809
69684
64740
4794
79659
64637
13864
97065
25574
44832
94253
43371
69050
64155
13581
2940
38455
72584
11266
91892
34102
49607
50890
81273
2274
16057
21876
69004
85639
95006
15783
10149
24664
33330
64092
54762
55184
84290
57610
61228
2269
30374
23087
75775
69880
67308
60179
91454
60325
11038
55493
82458
68061
18101
91682
37625
74878
87279
62266
82374
34840
5115
75766
28732
33360
94478
98364
75361
95645
99820
5577
31207
7101
32168
77179
89040
42072
5210
76666
35576
39076
31600
6370
42016
29448
75408
82271
88138
40964
64667
28464
47141
71782
93894
81071
82687
22934
94813
22202
73934
35096
20771
78493
23462
8717
64037
452
29239
93640
64257
84239
84669
35790
74602
39618
975
64751
47854
78317
42681
22846
6042
90077
91740
62
56339
57273
61076
39517
57256
15577
26137
19932
87161
6148
60118
77062
98105
64554
88567
11140
69534
62349
17742
20388
18186
24624
37677
64737
94378
74784
20765
85235
14452
34259
3936
19341
28801
607
97752
32000
5900
38788
32772
72608
54611
21004
74051
87108
98759
76053
20360
38783
52140
33769
93616
16380
45340
11991
86411
54664
96885
33510
1457
21713
14374
70456
44432
95942
44308
52276
14884
3408
73684
80055
17862
65770
75180
35135
5930
61477
55683
37113
85079
11659
33336
29919
14242
34207
68016
76401
60982
68784
74196
81981
56467
66645
11577
69428
63810
46734
9154
85542
75555
56189
99243
21602
11702
43031
60081
40961
90739
31940
83963
67004
67995
22145
70059
32740
32260
34711
25088
80468
35988
98734
63249
22910
30292
13405
64850
31512
76969
50018
55877
81171
60550
24646
99093
67448
13737
46535
16157
57537
61724
26549
80945
54547
30529
13742
96128
26534
53280
85648
11189
73230
80942
46306
22777
59989
41441
96800
22524
87705
36960
33324
72135
78709
36073
48495
3686
74473
94790
82832
53803
36587
49897
81166
5685
93042
94385
11626
82985
381
75794
28479
63192
25426
76277
16744
6446
9147
40475
5197
68108
46227
2200
4320
57757
88971
79759
21919
24637
86110
30900
49851
34361
3998
15907
63614
5160
52633
36671
89827
93107
88551
75759
90639
2128
38043
38834
99062
74496
82818
10340
91186
78846
31759
24878
38426
64637
4048
89746
88506
47100
91926
7660
56973
90119
70295
16030
31385
27936
19580
27708
60857
73629
98807
78960
65643
66848
33743
91016
84407
90432
61734
62820
89930
56242
16653
79508
64715
11955
16531
2288
28299
98956
52012
55320
88847
35572
39659
1428
51158
714
47851
74677
58691
41679
26036
52282
64393
12099
14418
46141
45485
11582
83248
11335
83476
25191
51456
8367
20155
25129
48765
61414
61095
6067
75178
16244
414
71925
32076
44330
64541
76365
26892
97803
82898
42573
85559
20547
56165
67704
81610
72340
8585
73642
49499
28161
22840
89640
23560
67235
39296
60166
3829
87932
36088
99648
21392
13773
28085
89955
77177
61124
42800
43392
98425
19504
4014
18073
8992
56672
93804
88508
56254
26220
3709
23261
7431
98319
44146
52128
27052
46274
12372
60125
26827
77264
64991
29862
7501
76306
16755
96526
18028
81864
51271
84695
63486
45228
61731
56391
82755
87818
86271
92511
52800
5751
65589
48901
52642
92893
32240
92117
35103
89028
79044
6972
32016
61006
80205
39667
99263
18875
33544
7635
75628
72786
22756
54389
1261
26971
82511
62456
84208
25057
11107
29953
74180
82235
95627
14953
21042
88479
77167
20070
60255
92536
27066
27454
77731
52645
6113
47510
95945
45645
26103
42354
58340
95137
6465
26692
14097
11985
37678
59807
13713
71543
1198
33083
64845
53927
57585
48492
44415
61165
83396
23736
16875
30368
69735
1887
29095
39185
89486
62544
38119
92179
78649
22240
77944
88464
44901
51512
22657
96658
20976
63574
78536
47892
31025
45585
26398
67407
13713
69882
81574
32760
5126
45106
74691
95471
78153
39136
15230
72932
67579
57946
61207
96173
12640
54614
2931
51698
9080
82549
21334
85847
21181
64342
7090
43126
3505
48069
21094
59425
56380
26594
89551
38462
1569
75644
20283
14923
95607
17950
30519
1431
14544
14872
31690
85666
69230
10317
67938
67277
11287
28981
40587
83245
54342
59944
8092
97572
10368
76197
89470
19289
63649
31765
54891
59015
43514
92674
94345
46151
23976
68467
24400
94831
23943
38739
64421
6309
70899
96064
79318
64904
24424
84933
5892
42393
44812
75570
97930
66780
57472
59450
29466
32349
48805
12022
73840
79410
77558
78801
22474
70067
34231
8216
57293
97666
32491
54219
83891
14624
66521
5285
5233
94877
89596
75075
62388
1748
22655
60416
59769
37601
29582
60094
40477
49264
4257
78712
16344
33503
15325
56498
50554
31715
64206
32886
3512
33377
70219
60111
30057
75673
22848
61815
43754
74835
91082
79446
7671
68282
77343
66970
16696
15596
57687
31436
1060
60965
277
26118
60720
22271
88592
30491
23655
88555
47200
5733
6706
23414
40157
28441
92692
93123
60089
54501
4588
47844
74489
17792
26308
76867
58573
15298
95829
67296
45006
78436
69241
59163
40896
25670
10881
88781
54436
97000
33826
21211
79055
75132
48102
31059
77770
84814
76370
97753
65080
90396
67107
27357
46455
39876
27175
1821
84129
89586
24065
8262
61212
53564
35778
9850
1443
61268
16957
13516
81529
22045
74674
38339
38632
30334
90312
95350
98849
7301
87462
33905
75436
49814
28750
66541
45615
46154
23421
61355
10384
83628
707
30486
27306
53103
52368
74463
1970
20329
3982
72609
93962
64639
55720
96539
93032
56205
7800
84086
79089
84360
47356
87833
40594
26999
52908
41744
13016
51143
62498
84019
51848
59504
4464
85915
42848
4944
85974
3233
6417
61335
70976
76397
36373
86022
79298
20762
39027
38747
6789
11496
24228
86966
48120
68644
13262
18737
56432
20604
23581
7722
71089
50353
65949
63854
11336
97172
59064
57497
52578
38017
71703
70651
31788
37474
72948
66209
64323
89615
22299
93773
28750
78847
17610
98752
2000
5458
71016
5979
74278
41883
77748
29992
52812
98922
77841
79967
51611
49904
85817
76689
38014
63068
31150
97963
55335
97734
69277
93000
18130
45206
89784
50239
68169
69111
88010
4653
84408
82624
35976
63327
79074
66181
61936
16755
5133
24465
22529
64288
9993
95482
83314
14097
94583
89745
93165
87612
33425
37562
9779
73403
76183
34314
68127
60365
39031
67017
26663
39448
68853
57424
62781
2777
20297
28265
72643
88690
73136
99942
25434
30283
51419
72545
19012
60825
31856
58919
15094
90375
81415
39365
99542
6259
57442
7831
1733
87699
91486
19394
10875
55474
37617
83603
51481
47045
40320
49485
99895
79449
18967
52829
52574
85046
26384
74451
54731
81523
95792
95491
94643
75063
90351
67702
82857
51609
36832
32866
59499
40998
10687
2955
56010
2193
27849
25417
86373
40788
58790
70803
63298
65102
25294
26315
53107
52652
54494
99429
92441
59893
28023
51079
351
97338
41598
35511
45581
82699
51793
21195
24897
20578
18787
48300
5850
80802
37452
18371
72170
18788
16448
23018
57263
84004
17137
80848
57440
48782
41500
22340
71969
35894
72952
37269
37034
37311
40493
67729
95489
27473
33614
64125
820
42676
41955
59864
49415
88584
69878
65977
20706
74234
9477
47597
74432
78620
83854
49037
59882
50647
68226
46045
13797
2970
20004
89222
2931
26486
22838
13376
17633
2195
10352
63069
98947
50708
74348
12491
8564
60844
85809
91159
52909
46759
60520
33476
24921
83742
10488
91235
95722
87225
56550
6878
45545
57242
48020
93336
4757
13305
86711
75996
45659
18781
2335
52906
69191
43179
24078
10174
29066
61185
30209
11794
68662
84217
56158
12230
4158
87118
14556
829
38618
6231
2782
45117
51279
28681
64828
74940
84689
13412
84025
81372
9227
60710
70105
12226
45553
92408
43322
66076
10640
20352
53754
3820
21594
14964
50881
74704
53245
18883
69718
51696
94434
658
59276
93554
91727
93528
23786
5276
83193
39247
10045
98295
30742
47307
94738
21354
6631
7966
82994
18090
95654
78462
12304
57611
34770
33101
30346
98186
34160
78468
99049
91642
29985
36383
19694
74053
32610
78364
59365
82343
80873
49125
60401
25447
4168
25178
25242
97481
41275
57970
27483
60565
47700
45948
85041
70157
30793
85823
8656
31588
79526
67539
40808
28537
11565
89812
39089
7946
92765
59348
70538
86814
73016
72656
4144
15254
2054
3343
91722
6174
28348
43001
96547
63670
55041
99643
50964
13206
30111
61689
52283
87848
56965
62069
7919
33678
33301
11073
25418
94098
47985
43765
80937
52368
94226
71474
47509
76756
86493
63953
11983
57236
99944
13852
15546
44835
40809
40421
11435
89218
51948
81937
75043
64207
83863
96260
44475
73714
8993
24077
17626
85171
79718
13168
49555
40551
13603
43343
20152
50986
49253
50706
10242
46155
85634
12996
83674
10199
85591
49570
98310
28836
57792
73351
47686
71767
73503
67517
54120
17835
8071
96772
24631
46457
36978
95617
62330
70360
95778
34733
32606
88370
54621
58056
3168
2661
37215
29549
41754
90504
1630
90729
87256
97011
68840
33852
94153
8003
93184
25518
48228
98460
17191
92288
36167
58494
30949
1215
4141
50726
12717
92109
27940
19551
68816
58019
12520
49687
22972
42841
2052
95231
30434
1327
17427
84287
74045
7585
85567
45748
79233
51010
26060
18700
73094
11102
61067
47594
86278
10081
41219
50277
17448
31410
35667
32734
85760
47874
53590
43317
91163
16777
47425
50939
58538
64363
26178
13148
79672
59615
85893
99465
22671
48051
86054
43360
15451
41118
38003
74176
74566
48177
22007
28216
29356
4899
31243
66261
73942
63526
76177
59605
98926
80263
24534
16469
39485
25409
95423
15221
50916
11537
99025
41551
77448
62261
20479
28783
47452
75312
30
23678
43380
94458
44213
89492
93283
4296
25396
14682
72248
72537
72413
45429
82730
53103
84063
7173
61656
73316
33494
20961
12107
33211
42955
13727
74043
92490
39011
22813
1169
25409
16474
931
28167
43243
42460
54127
81574
35024
41823
31939
86506
30796
31544
55946
147
62216
98729
14518
6809
18968
68785
85013
83416
22969
37812
57757
44517
37788
30312
97790
14195
82078
11490
96970
19396
13434
52579
15282
81632
48878
19637
33819
10519
4832
50872
96532
72924
91841
79277
57343
47051
69039
98413
49832
35759
62167
72792
27939
38620
81912
86053
77474
39613
40445
6968
56648
53948
64224
69334
57570
92275
94485
76144
28761
83464
76707
45124
82653
91864
87602
96558
16147
25458
72464
15458
64385
73890
62974
16310
85854
86006
99883
92190
52936
79891
79089
4287
16404
75709
40768
87550
58777
69759
1501
60428
48169
23944
82631
82085
9672
68478
49960
26403
67434
31490
91473
95505
5990
36451
91273
8022
70326
77064
95861
62232
595
2807
56804
66585
45688
8455
12072
81229
69038
34389
75603
24892
8796
59476
31215
66819
98903
14386
80151
56672
55840
48220
50490
70281
77176
64012
27982
35613
86703
15864
79087
78460
25516
42844
75340
95689
91018
8536
30964
44497
66842
20280
58403
46036
97500
31349
93058
3397
81748
1462
82039
75743
3812
23305
86848
85180
17761
74730
82239
57790
58073
36993
91141
23184
63521
75833
69426
85235
99679
2965
96028
61145
62167
45848
97849
40976
87715
70358
1602
28016
14658
18055
91425
58767
130
25065
36677
43116
67008
9601
88735
23178
75120
78008
53601
18806
73913
45150
33117
62535
78065
48987
44087
12547
90664
66283
42291
69627
84778
82525
8787
2473
2613
91450
20744
37493
18984
99987
46407
62621
49077
76302
86426
92175
53955
28951
83506
68661
89199
29436
63724
17072
84684
63263
57847
12340
49855
29650
62264
44770
1937
88177
54288
3114
49480
23723
19419
46013
71549
21940
44792
70947
68540
55826
60633
26371
30937
31507
9569
9794
17624
29554
85352
93412
290
59468
82022
64037
27551
84312
43213
83502
13051
91856
52503
56507
58894
92940
12934
66632
62068
69490
38510
92478
45336
22971
87152
29540
29856
67113
42938
67665
87305
7188
23411
52198
40016
59978
48544
62240
11500
62430
80654
41944
36625
39803
9596
66060
11277
4273
73154
83659
20437
6204
16369
44273
58258
23533
12108
32771
92231
80918
60099
10967
22993
46530
24609
41490
89604
56515
77614
52201
9287
70944
6724
55359
49261
79979
2935
24565
94976
79828
9659
30432
63489
27346
67732
62492
42858
32484
92650
75581
71905
61967
43630
61313
29786
25058
18603
49959
87040
94935
70084
85396
25237
40481
60061
61807
62194
94494
79298
44911
97659
97765
51083
72565
69441
29213
57086
20433
99608
3068
69176
4246
5764
98412
32786
5333
21805
92287
94012
3730
35209
3544
44631
81582
78569
88951
73272
67561
68867
23571
22132
9113
15600
71016
54512
27333
55855
7388
62817
43282
91339
4916
2347
84963
97222
28599
66774
83948
26986
58983
35500
97476
89218
66293
22870
96380
85155
97949
11707
85018
56656
24478
95742
61225
83384
34735
59544
26296
24953
38420
65875
81858
23997
73184
43869
77332
67682
77036
89100
76977
59940
23025
91398
49804
88862
66090
41601
87493
23804
35796
99162
20715
30685
41464
67083
10480
10783
81635
86288
48031
37068
35298
95384
65390
98279
26413
85813
33521
94505
77947
16217
24688
4664
62686
68573
64321
24205
23306
804
27168
21957
63228
13983
8894
61455
10113
4837
35039
20772
2268
10958
64780
84647
28980
55851
48496
88855
34410
95425
32000
87873
1752
61475
30834
44129
28254
14100
6657
13481
23351
55801
83190
19940
96788
4110
51425
94444
16847
17288
84506
40757
59335
61808
18593
85972
92111
54788
84541
19409
23283
67235
68498
49652
31100
24591
59740
7007
85188
17106
61897
41009
20845
56484
75974
44823
98942
37568
47921
17978
80597
4322
78616
19766
14539
10081
69936
75321
28691
36495
41156
10100
33450
27609
23857
84678
45673
70957
20459
26304
20303
53300
29096
28376
19908
23578
83489
79574
27705
36544
54248
77255
73849
58309
83770
27079
96296
17079
6589
74478
62853
15822
94984
92770
94085
44344
3079
95654
44856
5032
60959
73411
39785
65721
18287
90970
1857
65895
67416
65640
29499
64848
14972
2352
44949
67411
63415
57322
68231
35764
24923
69314
61795
62945
78082
76215
67507
76638
68366
97552
65197
25957
13752
56707
97256
14656
74947
50612
86612
71911
37299
28131
11560
56231
30785
14474
7223
81839
93446
79529
98401
62708
62325
91519
81926
10824
18403
39300
19018
26026
64464
38592
15856
70237
8899
73297
7522
87713
73266
18927
83516
18278
91135
35855
46373
80685
13350
66939
52890
85029
89166
93436
55972
74624
13729
53860
75567
10998
80148
85412
59959
76667
80273
99298
39311
38397
4395
75514
84149
3103
86326
71391
42189
94114
61120
22034
29200
91616
8832
84661
1962
29575
15373
77761
19784
63713
89994
93303
43364
69092
48537
39800
31532
54611
7138
89930
35613
12140
90443
52155
15988
87889
19517
47689
45618
78397
76458
13375
48164
51820
3955
40325
54068
16703
46340
97213
43846
27759
38326
36392
70290
31258
35070
61073
49374
70373
28499
65343
92521
5036
59197
80259
80124
41872
39577
36852
3016
78360
28139
29668
32017
51521
52443
87805
51203
63815
80354
89635
94648
54631
55050
69074
27732
77912
96786
12545
66952
24275
40432
27844
36916
53293
1396
72687
54581
72463
10982
46740
94876
37869
76392
83344
13789
41313
83031
81327
15092
65065
60026
99917
93462
6918
21849
35824
28451
36455
46558
52445
34399
37618
57344
20839
56305
2017
73662
44946
87443
34208
5694
10462
63125
26788
11955
29575
70745
74215
50486
21816
85487
49834
13590
11141
22621
5035
95647
17516
96681
76813
94
51551
2230
24894
44802
11219
78364
61836
10882
38762
56791
75842
60065
2384
55801
10233
71241
92841
66819
83988
90755
3222
72504
66352
77542
64350
77422
63497
1204
50503
4483
39768
15346
82390
66049
5186
12651
2712
96674
43439
62260
46549
34503
98432
6108
33943
76576
86514
96642
81128
96209
34832
28833
8946
44848
74285
84269
20237
6226
50942
1780
32777
5002
50890
94578
43982
78112
65359
11261
73003
26974
43872
59522
33559
95627
71700
98068
18567
19674
8087
36554
92853
44271
61813
46406
49687
34256
16987
11677
74197
92298
20880
12104
35964
53597
95662
35864
68220
24436
33577
96950
28975
68614
53815
92161
67923
67523
46581
57023
58117
72727
61488
38331
39587
84851
2470
10613
55028
42779
27651
59701
29962
28448
26787
43381
54019
48033
75949
93404
68636
93789
12647
4179
88404
56368
85505
20953
33872
31271
74417
60992
8988
79688
82605
36229
49703
63459
95886
45384
46795
8376
94075
52462
52071
92395
22913
586
55919
47926
41029
94554
85357
1021
37882
84024
6670
47633
63524
53162
18815
74558
36363
93946
49742
76226
24286
37568
76493
94811
19725
15412
67247
97064
68434
45516
30242
89738
62428
73753
21135
52063
79929
34653
7487
13359
53143
47968
16191
90897
74651
50088
90937
23739
35639
67241
63307
57649
61350
25465
78619
50499
42481
71395
65164
7153
33342
34905
253
74280
44408
48879
92535
10060
56893
35960
39992
24844
52750
38124
11180
78955
38476
28242
19209
59356
24736
62645
83078
65368
61677
46104
8837
27009
66320
37985
39940
34567
28199
85054
42117
54477
25415
55524
57316
39217
91546
42842
60618
15548
44943
19057
96699
86460
49067
42569
7620
57472
21118
18890
21131
69497
78103
4110
68734
5086
91356
60959
23517
17918
61959
90870
73833
86228
94806
47588
38835
97573
35676
72789
56608
12081
92483
98017
73961
87115
65047
56013
72299
84508
99229
85298
53773
99652
45155
91837
38458
97600
71
88267
9171
27615
3500
8269
93033
67189
74468
68297
81688
54674
12879
7839
87683
39498
61136
70402
19054
13130
93454
69701
47967
71670
133
11229
24545
99720
25734
38881
40393
8111
81239
26607
34350
78739
66026
70767
71153
23306
48348
28695
46172
2027
97596
90322
60296
54097
87052
46606
21559
24497
35644
98440
38786
92904
51133
82067
72593
99676
75891
62415
30855
41909
96172
6307
33550
589
17315
82106
53424
55501
23725
60185
18531
58580
62603
33279
30
29824
70028
17722
96702
89413
80366
22587
62918
93056
85584
84427
11191
29571
80619
36799
32752
25958
57391
68503
81674
22152
69219
69653
1306
1681
34559
47158
73707
4445
19386
70529
26183
90394
70328
36238
57847
56118
98419
47931
68247
9470
34203
11796
43174
42647
56911
68232
89241
83871
67035
31296
19037
70769
78648
68588
70366
40405
97913
41752
8469
80217
75616
40731
4538
44882
42929
27129
54569
68029
62706
75093
89839
56493
38714
25141
31172
83953
23497
55635
51504
25782
47704
36814
35224
13996
47279
90630
45618
84157
94836
27038
14126
78272
98974
16129
87182
45838
25364
42062
29727
94045
11249
51641
58234
78233
69700
2893
72796
31646
52857
94434
53076
90738
57247
44858
64210
58888
51022
52790
12287
79850
54680
50953
15406
32266
63714
43992
95874
73988
64552
96366
18496
7724
41535
62063
39579
64305
38033
28828
250
77564
29028
7610
58606
2594
13899
64116
18812
15544
45053
83789
19362
87517
17542
98076
50852
21991
91788
32226
62031
17716
50754
63117
18948
20377
87615
98880
18594
55943
1278
89932
6729
7329
2892
56931
8409
55571
95157
48304
24207
80016
16448
34557
55620
2273
18414
14681
94443
8994
44646
84186
80834
87886
61005
67175
91333
60211
5314
83942
44295
3434
78442
10384
88093
67663
56063
25093
21095
9058
98213
84255
36335
69046
35590
68242
66102
6293
46527
36958
59601
49906
31246
12828
20741
29615
1698
28766
67228
34472
75026
4204
70771
2932
66350
74409
18854
29962
82303
52333
15032
12527
71014
1262
99669
56844
90956
77427
92601
89330
99558
62111
30596
30755
43750
18041
59971
56858
22112
48983
59107
10973
54210
55753
81977
80351
1652
98084
91350
84859
56334
87250
26328
95937
59450
91443
44019
21958
64377
64847
254
46052
3265
14977
92679
2174
25181
90746
13606
89379
52487
24683
76016
91661
72302
41262
38090
75889
20111
53330
94237
15499
10569
44945
41458
40455
71412
41252
57192
6038
53932
71887
75197
11908
21824
11575
87082
31231
10407
80923
73479
20862
36041
93915
26110
22317
59279
92201
17568
48215
36527
33772
99134
82963
62789
6930
54667
9760
27082
90537
48360
10916
93456
2421
32366
91338
37962
32525
56380
201
16036
21145
39072
4561
39753
74295
24938
82799
14373
5182
35632
90457
22267
84461
67182
96743
11186
343
57113
1299
95807
25418
95587
58483
10041
48069
76807
72854
52833
29432
75549
4479
80967
18782
71253
17649
36574
6719
41922
56147
7266
91675
41947
55709
5323
82517
30646
54316
53372
52451
76352
16070
62378
65168
35986
25290
99281
37908
47940
55173
69091
22719
57736
42841
63697
90669
28515
6868
63922
46861
32590
35389
13979
46717
54159
91730
19744
19499
752
77577
22184
52922
78286
95507
67982
661
46181
56956
88093
16711
8571
78849
97140
50669
59169
17571
99036
82249
35461
12852
38206
87457
32342
46982
87091
92638
15655
99070
55264
99628
86759
19683
35491
12452
38630
48137
87775
72441
88534
87182
37525
56124
45618
81936
26100
64456
7636
49490
41178
13234
48749
1790
53883
11601
88213
6009
87299
20658
28978
67216
29156
63097
48798
40959
78784
69429
97249
84870
62454
66243
55614
45614
95317
87702
31922
36292
49730
29000
20055
47538
72317
88116
16373
20492
33355
92740
16248
64011
84011
88427
13429
94963
73761
58483
57491
84472
49813
14282
78380
82947
74575
32224
32769
22434
82547
96515
1352
80311
8031
6772
87639
97690
58431
83608
71544
73757
14610
52587
18574
52871
68637
35747
5513
38051
61227
17322
70315
62659
48249
79993
59483
62525
37020
41441
91284
87116
87489
94457
436
733
97547
56037
7132
33811
19415
15757
41057
38456
68720
75356
93612
78175
73032
75579
17250
47386
79007
83552
19133
41922
30377
80875
78238
70707
19247
75868
61871
48446
86250
13402
47069
45457
12095
25587
16306
94167
23995
83193
42078
12068
20587
51333
61720
47331
73918
8285
15979
71786
60954
57293
57958
66943
62428
30779
49554
2546
5367
21907
71015
85868
55405
60510
87621
96429
83815
60302
22588
93747
74216
24341
39586
79927
19592
58164
36032
39008
81682
22312
90422
40728
39289
13046
33482
47907
53412
23948
45095
55362
97639
68679
19350
75794
5775
16809
3241
99379
78784
47235
44206
592
51282
27820
73342
71409
11303
33943
46859
47022
25904
41774
61018
8933
13239
653
86366
55400
99846
2512
51189
77321
99253
40633
88815
83174
930
38106
67162
8700
14144
57249
8312
5255
60032
59349
30046
92869
73162
67681
85477
66893
35190
91342
5440
72056
21856
20281
42596
77797
11637
19593
87891
21602
66136
31269
4834
77984
97283
32350
48782
81415
58573
11610
17953
62911
39172
59883
6246
18130
68534
79099
4295
23149
82891
17541
3628
95069
7115
93980
66237
30648
96958
56406
11277
77519
32512
52674
41400
81993
44270
79694
50355
58770
78873
93576
72168
18207
82797
39676
38855
17361
86661
44995
33327
14639
81545
25344
57600
84068
49667
78810
90036
23817
46387
63482
60975
54701
82603
68820
44223
25674
59526
22479
49748
87019
46109
35457
53373
4978
62596
43509
59017
83105
7221
79779
14634
17540
14700
83174
18631
8518
57575
48727
24076
31551
80862
3122
66622
66567
1773
73992
64558
20553
67284
44828
83523
4341
15955
60022
76505
19030
78022
62842
6411
84869
1682
57640
46972
14985
23152
79690
26064
28461
3949
55794
13425
20387
52415
58488
59545
52228
37854
43810
45878
14697
40604
63039
2607
14772
31399
92339
9904
43562
72953
70040
63243
99936
72234
62220
50571
32972
82297
61735
60258
57883
66847
65074
3321
24793
81512
64539
4254
68740
2504
10240
83248
96108
323
63445
16796
51255
11890
18878
87577
30841
93012
52573
44517
33844
93387
24566
16991
96975
48252
30164
15182
84179
6154
92469
34033
53619
81283
25667
39005
91161
59924
91826
2124
78231
33123
81880
49650
71745
82069
98515
4481
47634
68414
61729
31218
8355
46255
63640
55122
84185
83146
8929
84454
94937
60982
70357
14460
47180
80203
33855
7751
28149
26612
89120
55878
87736
82628
83051
30452
88324
8815
84625
94885
5158
90564
96130
52877
31889
40788
29560
19252
98200
69847
81546
38749
6121
49871
17307
46677
78130
7910
70709
84608
70247
58166
85756
64122
41254
44994
62305
37269
63454
75223
35690
77746
42174
26181
18268
8687
58684
54355
62557
24377
80766
6466
69986
98569
91360
15323
93116
12563
35106
77190
8958
2362
33278
2340
38214
42846
50896
32741
45159
86549
36892
87724
293
17911
1742
60887
21596
43191
52814
13979
81073
64729
33585
39244
47274
76492
99162
84623
66075
68596
1531
89649
86025
74224
93467
54785
12337
33851
73939
82378
64610
19408
51188
67553
66044
52769
48416
12421
92992
37178
73182
86810
90132
25876
82371
15384
62000
15783
2951
53991
19183
59734
92371
30557
75032
80008
62405
66638
23036
36061
61550
10206
61561
61713
77845
51126
76501
4464
27479
95564
62316
99446
5657
27291
70463
12111
66815
23719
95776
55050
57785
7889
2693
80172
16535
23859
5761
75238
85709
94785
99848
63749
72157
4783
44620
67582
22427
20029
42733
68809
6887
91740
20978
26558
11537
70572
34087
23882
72300
55893
92725
56685
70820
55405
74997
27998
62660
51365
27594
78640
4807
33304
62406
15991
77884
75923
54855
55038
39929
75781
44922
72468
41562
41644
24345
24119
6930
3135
42142
19468
27466
71100
29446
75158
74237
85197
9124
10203
7743
42469
68498
34461
82793
92130
22206
56890
48026
10418
11005
59084
39351
78316
69332
79149
71994
67973
51736
55971
80668
55146
18739
16687
8058
59791
16615
63816
71534
65411
60182
72539
80275
8908
61432
54617
778
62225
25739
67893
4647
37611
9591
96608
35753
3570
45584
90744
64397
69836
40827
30435
26658
25514
45521
48560
34311
68975
92553
65834
45672
12462
60424
21819
24016
35787
66088
43518
57795
32522
84560
48755
95172
75004
29897
17506
479
73446
75120
43982
32542
11569
51365
1587
30262
74203
5132
75761
47569
62730
54021
83543
30331
11633
50434
52755
17081
16626
65030
36476
98048
34863
69488
10812
71980
68801
81917
7819
22170
51822
87571
26767
41853
50538
22864
55372
40967
39780
7593
77061
51365
97411
26723
51098
31773
93982
1019
21953
75529
93289
50518
69635
36992
45235
4480
92556
66697
50422
16079
72431
22580
53387
42796
42520
22135
39017
17524
23539
39601
88067
19188
47393
847
35962
43966
54524
70612
28688
74561
10257
12209
74929
2239
79474
29335
70936
91704
92818
19013
27295
94327
35099
71060
92799
17644
96582
60688
62626
56665
12168
6513
11295
83193
72814
8622
88177
16430
14005
18064
65837
30941
5869
22229
36078
14847
19121
40445
18349
50985
30753
93307
47411
52396
58626
27632
88227
76424
28471
71732
56020
28453
62438
14362
69858
1306
9612
89644
93254
84137
19949
96773
38827
8637
45591
84169
80666
81121
28799
13626
3328
91978
33348
9118
75681
83022
91299
50323
90945
50265
89845
25338
23528
17813
82184
5852
66103
70114
41040
89398
19016
92569
39324
58910
788
88207
11963
21399
30325
62218
6530
87222
48637
43966
58586
71238
43022
91362
47001
35114
56564
40503
19097
4757
97368
42825
11715
97267
95609
84750
32854
64713
36987
58812
34504
79829
43695
39576
6061
60600
96948
84107
91590
63548
86921
40216
88048
20402
25326
11877
45048
2552
4288
1488
89166
21570
68054
35133
19273
27247
50995
76990
5647
91178
69192
40855
56935
32566
24314
25432
21070
9934
93138
53765
62761
20467
60428
19810
64391
61802
50467
13332
47068
38090
40595
16121
93981
38092
76394
37862
48399
18744
36586
25993
44256
53899
51661
58569
36649
75362
67209
23056
94972
28200
6262
90540
21039
59662
33544
3717
59971
8541
22
65121
54453
9387
67315
75185
8091
83780
77377
72911
10475
35709
30523
50403
2166
53461
13374
42281
45154
23304
37900
46002
75823
17990
39670
68410
97998
89542
4485
20820
51780
89671
90209
52496
85651
36471
10372
58447
40979
64534
84354
55691
36440
43595
62997
69838
98625
13704
12659
68584
40922
95789
93348
23639
90828
88278
1393
31701
72379
33555
34162
53463
16826
2363
53663
51621
56125
34375
15859
94349
18430
70850
59304
11260
63802
60053
91953
16961
77821
46552
5011
600
8867
59867
74329
9742
59108
85329
47772
29057
6448
36460
17851
51058
75937
88279
58154
21961
79038
80513
80897
12277
38270
12468
39756
77135
78092
98892
89322
45594
61147
38531
90985
60433
49410
65863
66296
50348
11329
43368
32194
60584
24400
97495
1627
11995
83813
68921
56694
19713
86789
16551
37729
55633
33724
47317
54170
715
74182
50326
50124
2386
43060
30486
51268
40181
4076
18759
42562
26535
29193
94132
12492
87711
78655
73094
25043
88971
63631
86174
19911
72445
33661
48577
14166
85886
26215
42965
79781
21892
26673
32532
24276
70163
46773
36146
41159
75532
14111
92740
44970
86132
98874
61336
81168
72643
7639
31989
74211
41782
96436
1966
90388
93196
63141
36955
79890
52229
91692
31846
31766
49463
68840
79499
5834
87780
56847
86596
4979
79589
84054
51057
36537
66926
85983
87817
99144
34809
80808
38043
39871
35277
43351
90531
12323
14135
28102
35037
97612
60313
71072
98952
90757
70167
15536
23813
84149
81207
7100
95935
24229
43552
25097
97461
12490
35019
65342
26273
2153
84104
95589
40924
57645
15385
3668
97673
64719
24682
93647
35239
64116
25488
42313
58077
88256
72170
56586
36323
75625
62238
41510
38730
48860
62358
2658
33290
44286
38678
59867
65488
95806
29347
83434
99990
12860
18185
21139
68892
22828
12700
67234
6491
98687
16886
85606
21453
47937
26482
93453
52301
84509
20067
23190
17086
30577
973
29581
98349
60398
34637
54365
69455
75212
978
36190
51359
25496
59185
76838
11925
92012
12215
14355
37222
6618
7548
18716
34995
54869
87098
81429
26209
83606
90941
78143
43503
64944
49431
47183
53525
90960
51852
40201
79027
73747
10065
98460
94355
45313
68869
65328
80996
96921
7732
30842
15229
39001
73713
95481
38388
87046
59198
26601
14920
15498
84680
39043
63034
21077
68406
97652
90093
25329
681
6267
11077
38512
31114
93409
42266
66004
99702
48609
53693
19502
71608
31252
42729
30331
68806
57552
34429
85324
55355
15389
99741
78808
68100
8771
78143
27732
52287
41973
63914
52980
76550
28149
54819
18051
1446
14351
10607
51417
5551
88522
25395
86442
22817
61211
10237
99373
75685
26095
82830
27511
38921
49418
35985
13836
4039
71672
56809
29944
28406
79148
41000
83832
31279
89144
84050
56736
51921
34331
48197
76472
62594
189
69387
24720
96431
95418
25964
83342
20704
82469
30087
24190
18100
37676
24832
57774
68937
46133
6750
53268
61283
573
73195
92535
31201
31769
86347
30409
17404
25976
94589
44436
50555
38452
80884
79651
21030
29634
47850
54709
42366
6505
2081
75539
36893
87695
53342
90626
84313
35533
60146
75910
73591
32199
76810
90281
48172
72838
71805
21736
86386
78455
15127
18922
24950
80667
56371
2952
68203
77136
23081
17342
14998
4485
35479
9045
51234
94809
64085
60446
85715
5981
17210
4864
69848
71163
9630
13114
10673
36732
84577
53842
60206
10270
30201
65583
72275
87832
294
94366
86180
59271
2458
43807
56110
84794
77885
32877
6789
33534
85770
61629
43500
11195
43429
6982
78418
31978
99982
35099
14225
31426
17943
9598
57632
26216
39365
76416
79465
70355
97988
65422
27037
23164
96002
7296
67365
59601
47539
15867
27181
64686
65814
48315
31347
13965
72883
2441
18701
89542
19574
25154
5422
2649
74329
78665
73138
30642
28966
32556
55355
39282
86250
76634
38963
4881
46634
89204
81560
91852
53807
97058
84945
64191
7353
87401
68536
86188
65865
11094
65403
68575
97393
67843
82410
99606
46299
85321
90115
36783
50033
48531
64502
63631
41842
92441
62026
42368
32715
64095
13495
74410
5889
86809
47896
28323
30896
39336
5274
40311
15315
93758
36047
55952
50941
81468
82752
74501
85590
49647
51014
88607
27579
16316
84504
86653
73194
46557
45868
21505
23695
41395
68676
7651
3487
69073
36515
99292
52745
57344
43051
92679
3259
41002
79361
28352
64448
86424
47181
80844
9993
54016
55967
56787
1137
57431
11803
2576
89903
20184
80637
66666
62310
64031
31439
34162
82337
59473
84867
35495
17685
97972
10653
422
94181
22332
69193
72103
39777
18488
76253
15325
48464
59261
43752
38636
32790
89367
95301
98947
29175
57374
54634
39532
34360
50414
58837
86966
64207
24478
28504
42458
28175
94164
48994
20054
14362
87456
56691
13237
741
73501
85129
8105
46525
17637
72592
94208
81529
85973
2295
8102
60405
69666
34065
61559
54520
38402
25775
21509
64897
11958
10439
74663
49666
24587
67470
23269
78318
32056
7898
67351
44383
64641
10727
91890
32886
98071
45235
47563
69348
41777
19296
79102
72458
32907
99080
21775
51730
94026
38111
64169
62150
37193
54509
19887
62941
30464
8745
15888
51156
68038
87080
34657
21623
29713
99473
27270
54464
68630
97578
18105
67302
9072
79870
14560
44240
15040
42075
33085
99617
7751
84515
34008
97223
94379
80000
55269
31983
93740
62185
96935
89657
82555
53451
29512
28000
83892
43959
80187
29367
3553
50328
52163
20887
74717
46961
44022
95507
31713
9613
28973
23976
91025
43412
75157
15654
86769
58457
45686
40620
20804
32955
84625
55190
19606
28234
26579
71009
24354
96687
76570
62411
43502
49545
25970
37682
22725
90981
60669
41552
7675
35537
51779
70188
98036
33738
65676
16649
80949
36979
13983
99235
2300
66984
68662
63525
74554
84260
6470
30121
12607
58005
4180
59700
37065
54973
96615
44981
16284
19806
38007
96221
71083
38799
96225
42702
52469
81904
85848
10163
17401
50944
32721
19722
67333
70662
68083
90450
41618
32531
93756
78944
88557
8102
44037
37399
11113
18121
24174
53351
81459
63226
74167
27367
59514
20109
57014
34761
24422
12866
29689
22132
31846
41912
40061
7038
65336
16141
23543
70616
80615
30229
39821
96006
12094
52043
32290
75912
73330
9539
16448
2528
29098
81707
22751
50908
89312
89701
9060
23404
8445
45681
32266
74285
78313
39036
21410
14452
59932
46648
99541
52325
77304
77558
90645
27889
88578
24008
90278
73518
27558
87274
7254
19937
58894
16673
33990
51117
43309
49321
98570
12460
74167
96473
51523
55360
23043
81753
11120
8140
8570
86988
87140
24772
7779
26614
54564
5521
99417
20837
30784
2442
92102
5208
20140
99662
761
1805
17878
32320
69257
77592
17686
59348
56908
61848
63819
31893
40838
60838
42562
90568
4422
74763
74726
52090
93196
24604
37086
37468
72513
55837
14305
51985
1258
47419
26036
1295
37206
351
51911
90491
49124
22966
28498
97513
87900
71023
28987
71500
6127
18461
30196
60172
47462
23875
31483
26931
49675
17377
56824
83188
34499
97021
39379
18843
97909
59116
69412
97577
79722
25396
5158
78317
13450
28832
28042
27307
41044
94025
98527
65568
19036
95343
1536
50255
34208
8077
98430
76721
21181
70589
99302
90503
95547
47243
75549
96199
48590
32044
40265
52928
96891
65021
36123
86287
3856
57223
22655
86650
61376
46934
331
49499
6341
93766
30350
8909
57188
20756
52043
90460
10711
72630
27068
57616
16978
75846
19186
60734
62307
11399
65531
26679
40697
46863
29727
12938
41049
75715
24346
20155
6688
38663
54247
44411
70366
187
74524
42565
61041
73595
19185
4305
20691
7193
54014
28005
84680
46582
57441
47820
89959
11738
2760
96885
62751
51831
32230
96561
55943
49102
71623
26041
46336
24200
91544
85443
22561
37355
61478
87333
51915
87053
85111
7277
26544
43240
81111
97512
8853
72483
44383
70999
26388
48960
80275
75027
61820
44406
9493
3293
16696
84773
39810
37250
83567
41989
80816
62233
19560
93295
15708
22746
77514
24117
83328
49334
7655
94301
69680
74616
55519
6774
85750
93035
52185
55577
81973
33083
46540
99981
91389
53482
50995
58863
30048
32501
66462
4600
85258
43398
86288
35162
18261
48048
83677
40557
56035
8173
86165
96215
55850
16270
43039
82734
93850
40689
76355
96214
14252
54760
50119
8211
59588
30619
77094
73428
36579
55886
38120
2025
67793
70952
17565
36566
33061
88024
51294
26815
59332
14608
30601
81119
72655
83592
22588
49687
36318
1964
93160
97186
85099
35596
79874
35905
31495
97618
70412
64144
55386
60858
30898
41509
39540
42261
21678
76809
73121
87178
1696
34963
21232
38189

